1.200000 0.447203
1.209375 0.460629
1.218750 0.471853
1.228125 0.484588
1.237500 0.497408
1.246875 0.511725
1.256250 0.525841
1.265625 0.540119
1.275000 0.553208
1.284375 0.565800
1.293750 0.580819
1.303125 0.595076
1.312500 0.608699
1.321875 0.621892
1.331250 0.634487
1.340625 0.646891
1.350000 0.659792
1.359375 0.672054
1.368750 0.685276
1.378125 0.697026
1.387500 0.708430
1.396875 0.720319
1.406250 0.730072
1.415625 0.739590
1.425000 0.749506
1.434375 0.759969
1.443750 0.769644
1.453125 0.778195
1.462500 0.786947
1.471875 0.794624
1.481250 0.802705
1.490625 0.809725
1.200000 0.353088
1.209375 0.365948
1.218750 0.380435
1.228125 0.392572
1.237500 0.406462
1.246875 0.422679
1.256250 0.438088
1.265625 0.452970
1.275000 0.470181
1.284375 0.485262
1.293750 0.503429
1.303125 0.520164
1.312500 0.538169
1.321875 0.556656
1.331250 0.573674
1.340625 0.590292
1.350000 0.608059
1.359375 0.625397
1.368750 0.640814
1.378125 0.656300
1.387500 0.671606
1.396875 0.687433
1.406250 0.701880
1.415625 0.714914
1.425000 0.727253
1.434375 0.741361
1.443750 0.753374
1.453125 0.763589
1.462500 0.773941
1.471875 0.784516
1.481250 0.793305
1.490625 0.802639
1.200000 0.238890
1.209375 0.249724
1.218750 0.260880
1.228125 0.272343
1.237500 0.284066
1.246875 0.300338
1.256250 0.313394
1.265625 0.329503
1.275000 0.345707
1.284375 0.364782
1.293750 0.381868
1.303125 0.404617
1.312500 0.426868
1.321875 0.446915
1.331250 0.469767
1.340625 0.497091
1.350000 0.518540
1.359375 0.546209
1.368750 0.568716
1.378125 0.593569
1.387500 0.618283
1.396875 0.639390
1.406250 0.661648
1.415625 0.682307
1.425000 0.701266
1.434375 0.720236
1.443750 0.735403
1.453125 0.749440
1.462500 0.763752
1.471875 0.773934
1.481250 0.786266
1.490625 0.798162
1.200000 0.178858
1.209375 0.186348
1.218750 0.195521
1.228125 0.203367
1.237500 0.213210
1.246875 0.225197
1.256250 0.236943
1.265625 0.251202
1.275000 0.265669
1.284375 0.281011
1.293750 0.298359
1.303125 0.319541
1.312500 0.341104
1.321875 0.366885
1.331250 0.389493
1.340625 0.420229
1.350000 0.450575
1.359375 0.481133
1.368750 0.510042
1.378125 0.542607
1.387500 0.574357
1.396875 0.602822
1.406250 0.631198
1.415625 0.656765
1.425000 0.683643
1.434375 0.704740
1.443750 0.724422
1.453125 0.742382
1.462500 0.757829
1.471875 0.773770
1.481250 0.784046
1.490625 0.794667
1.200000 0.117610
1.209375 0.122904
1.218750 0.128150
1.228125 0.135405
1.237500 0.141803
1.246875 0.148849
1.256250 0.157058
1.265625 0.164539
1.275000 0.177104
1.284375 0.189101
1.293750 0.201452
1.303125 0.216267
1.312500 0.233542
1.321875 0.255489
1.331250 0.282101
1.340625 0.306684
1.350000 0.341350
1.359375 0.374940
1.368750 0.413861
1.378125 0.457429
1.387500 0.505093
1.396875 0.546079
1.406250 0.586760
1.415625 0.632251
1.425000 0.663825
1.434375 0.689936
1.443750 0.714745
1.453125 0.737317
1.462500 0.753507
1.471875 0.770256
1.481250 0.783725
1.490625 0.795751
1.200000 0.088512
1.209375 0.092161
1.218750 0.095776
1.228125 0.100422
1.237500 0.106673
1.246875 0.110957
1.256250 0.117290
1.265625 0.122689
1.275000 0.130851
1.284375 0.139171
1.293750 0.149440
1.303125 0.161036
1.312500 0.173853
1.321875 0.190422
1.331250 0.213978
1.340625 0.232732
1.350000 0.256042
1.359375 0.298336
1.368750 0.339491
1.378125 0.389429
1.387500 0.443231
1.396875 0.500487
1.406250 0.552581
1.415625 0.605323
1.425000 0.649894
1.434375 0.684293
1.443750 0.710201
1.453125 0.736534
1.462500 0.753904
1.471875 0.770369
1.481250 0.783895
1.490625 0.795685
